[POINTS]
Point(1) = 149146.545855,215289.780550
Point(2) = 149136.417287,215282.799053
Point(3) = 149135.160598,215259.173290
Point(4) = 149163.310443,215227.002039
Point(5) = 149257.562157,215211.670427
Point(6) = 149263.342928,215240.322948
Point(7) = 149245.156005,215247.519057
Point(8) = 149250.972649,215261.903276
Point(9) = 149266.443858,215266.464509
Point(10) = 149231.483169,215282.736968
Point(11) = 149209.109437,215264.920848
Point(12) = 149192.121975,215286.465923

