[POINTS]
Point(1) = 148807.644275,216535.162949
Point(2) = 148832.140093,216551.808032
Point(3) = 148948.756162,216369.295473
Point(4) = 148923.172762,216353.313464

