[POINTS]
Point(1) = 148818.661000,216709.887312
Point(2) = 148916.684463,216609.214566
Point(3) = 149036.914427,216705.399215
Point(4) = 149006.313303,216721.242350
Point(5) = 148957.481723,216755.532970
Point(6) = 148868.335426,216847.464816
Point(7) = 148802.309685,216794.357155
Point(8) = 148775.038183,216766.128758

